level3.jpg
Players 1
48 713 5.54
Rectangles 8
503 177 300 10 0.74 #000
469 407 350 10 5.42 #000
673 467 440 10 0 #000
558 123 330 10 0.74 #000
209 489 700 10 5.42 #000
143 80 300 10 1.57 rgba(200, 0, 0, 180)
289 332 530 10 5.42 #000
145 686 200 10 5.42 #000
Circles 36
287 95 10 rgba(200, 0, 0, 180)
286 112 10 rgba(200, 0, 0, 180)
357 88 10 rgba(0, 40, 100, 70)
279 132 10 rgba(200, 0, 0, 180)
278 149 10 rgba(200, 0, 0, 180)
360 111 10 rgba(0, 0, 200, 120)
359 128 10 rgba(180, 0, 180, 140)
358 148 10 #f00
357 165 10 #f90
353 189 10 #0f0
352 206 10 #ff0
227 143 10 rgba(200, 0, 0, 180)
254 145 10 rgba(200, 0, 0, 180)
37 135 10 rgba(200, 0, 0, 180)
166 140 10 rgba(200, 0, 0, 180)
196 139 10 rgba(200, 0, 0, 180)
140 143 10 rgba(200, 0, 0, 180)
69 141 10 rgba(200, 0, 0, 180)
106 143 10 rgba(200, 0, 0, 180)
224 286 10 rgba(0, 0, 200, 180)
245 281 10 rgba(0, 0, 200, 180)
283 279 10 rgba(0, 0, 200, 180)
265 278 10 rgba(0, 0, 200, 180)
121 372 10 rgba(0, 0, 200, 180)
133 354 10 rgba(0, 0, 200, 180)
206 289 10 rgba(0, 0, 200, 180)
188 299 10 rgba(0, 0, 200, 180)
116 411 10 rgba(0, 0, 200, 180)
114 430 10 rgba(0, 0, 200, 180)
9 146 10 rgba(200, 0, 0, 180)
153 319 10 rgba(0, 0, 200, 180)
170 308 10 rgba(0, 0, 200, 180)
138 335 10 rgba(0, 0, 200, 180)
118 389 10 rgba(0, 0, 200, 180)
117 453 10 rgba(0, 0, 200, 180)
303 280 10 rgba(0, 0, 200, 180)
Squares 152
652 380 30 0 #000
572 408 30 0 #000
517 405 30 0 #000
647 456 30 0 #000
602 490 30 0 #000
514 447 30 0 #000
568 523 30 0 #000
514 529 30 0 #000
484 536 30 0 #000
397 481 25 0 #000
439 576 30 0 #000
437 611 30 0 #000
355 520 30 0 #000
353 590 30 0 #000
354 632 30 0 #000
352 672 30 0 #000
463 653 30 0 #000
509 655 30 0 #000
542 654 30 0 #000
574 657 30 0 #000
611 653 30 0 #000
663 657 30 0 #000
359 709 30 0 #000
456 446 30 0 #000
459 548 30 0 #000
439 645 30 0 #000
314 623 30 0 #000
274 631 30 0 #000
250 644 30 0 #000
353 561 30 0 #000
334 614 30 0 #000
289 618 30 0 #000
218 633 30 0 #000
538 527 30 0 #000
652 220 20 0 #000
668 251 20 0 #000
675 280 20 0 #000
673 311 20 0 #000
673 335 20 0 #000
674 359 20 0 #000
674 383 20 0 #000
674 406 20 0 #000
674 425 20 0 #000
667 447 20 0 #000
667 470 20 0 #000
667 489 20 0 #000
671 510 20 0 #000
671 533 20 0 #000
671 552 20 0 #000
671 563 20 0 #000
671 586 20 0 #000
671 605 20 0 #000
672 635 20 0 #000
672 658 20 0 #000
672 677 20 0 #000
633 199 20 0 #000
619 182 20 0 #000
599 162 20 0 #000
578 141 20 0 #000
561 121 20 0 #000
544 97 20 0 #000
519 68 20 0 #000
496 51 20 0 #000
477 35 20 0 #000
465 16 20 0 #000
201 83 5 0 #000
278 64 5 0 #000
269 66 5 0 #000
259 64 5 0 #000
250 64 5 0 #000
268 72 5 0 #000
259 74 5 0 #000
249 72 5 0 #000
240 72 5 0 #000
287 75 5 0 #000
278 77 5 0 #000
268 75 5 0 #000
259 75 5 0 #000
277 83 5 0 #000
268 85 5 0 #000
258 83 5 0 #000
249 83 5 0 #000
227 67 5 0 #000
218 69 5 0 #000
208 67 5 0 #000
199 67 5 0 #000
217 75 5 0 #000
208 77 5 0 #000
198 75 5 0 #000
189 75 5 0 #000
250 80 5 0 #000
241 82 5 0 #000
231 80 5 0 #000
222 80 5 0 #000
240 88 5 0 #000
231 90 5 0 #000
221 88 5 0 #000
212 88 5 0 #000
195 70 5 0 #000
186 70 5 0 #000
195 80 5 0 #000
185 78 5 0 #000
176 78 5 0 #000
195 81 5 0 #000
163 73 5 0 #000
154 75 5 0 #000
144 73 5 0 #000
135 73 5 0 #000
153 81 5 0 #000
144 83 5 0 #000
134 81 5 0 #000
125 81 5 0 #000
186 86 5 0 #000
177 88 5 0 #000
167 86 5 0 #000
158 86 5 0 #000
120 67 5 0 #000
111 67 5 0 #000
120 77 5 0 #000
110 75 5 0 #000
101 75 5 0 #000
120 78 5 0 #000
88 70 5 0 #000
79 72 5 0 #000
69 70 5 0 #000
60 70 5 0 #000
78 78 5 0 #000
69 80 5 0 #000
59 78 5 0 #000
50 78 5 0 #000
111 83 5 0 #000
102 85 5 0 #000
92 83 5 0 #000
83 83 5 0 #000
69 69 5 0 #000
60 69 5 0 #000
69 79 5 0 #000
59 77 5 0 #000
50 77 5 0 #000
69 80 5 0 #000
37 72 5 0 #000
28 74 5 0 #000
18 72 5 0 #000
9 72 5 0 #000
27 80 5 0 #000
18 82 5 0 #000
8 80 5 0 #000
-1 80 5 0 #000
60 85 5 0 #000
51 87 5 0 #000
41 85 5 0 #000
32 85 5 0 #000
Entrances 1
47 714 40 30 1.57 #000
Exits 1
708 26 40 30 0.74 rgba(120, 40, 0, 100)
Switches 0
Doors 0
Particles 64
718 279 3 100 0
710 493 3 100 0
721 477 3 100 0
726 494 3 100 0
697 305 3 100 0
722 260 3 100 0
707 575 3 100 0
697 256 3 100 0
708 396 3 100 0
720 426 3 100 0
699 346 3 100 0
731 613 3 100 0
723 323 3 100 0
696 364 3 100 0
724 584 3 100 0
728 562 3 100 0
711 466 3 100 0
723 391 3 100 0
734 375 3 100 0
708 534 3 100 0
703 558 3 100 0
729 627 3 100 0
693 639 3 100 0
704 623 3 100 0
709 640 3 100 0
32 35 30 5000 0
92 99 3 100 1000
176 103 3 100 1000
126 92 3 100 1000
136 109 3 100 1000
152 110 3 100 1000
17 110 3 100 1000
82 116 3 100 1000
73 104 3 100 1000
40 107 3 100 1000
57 112 3 100 1000
134 123 3 100 1000
245 104 3 100 1000
109 119 3 100 1000
204 109 3 100 1000
161 354 3 80 -300
177 355 3 80 -300
194 360 3 80 -300
153 384 3 80 -300
169 385 3 80 -300
214 352 3 90 -250
225 336 3 90 -250
203 314 3 90 -250
183 327 3 1000 1000
200 332 3 1000 1000
151 398 3 80 -300
249 303 3 90 -250
236 315 3 90 -250
265 304 3 90 -250
636 539 3 200 1000
595 544 3 200 1000
500 570 3 300 1000
521 558 3 300 1000
438 485 3 100 -1000
454 486 3 100 -1000
471 491 3 100 -1000
430 515 3 150 -1000
446 516 3 150 -1000
216 546 30 30 1000
