level4.jpg
Players 1
635 733 0
Rectangles 7
466 654 450 20 1.57 rgba(0, 0, 0, 180)
50 668 400 10 0.5 #ff0
53 660 250 10 0.5 #000
63 653 400 10 0.5 #ff0
66 590 400 10 0.5 #000
83 642 400 10 0.5 #ff0
63 630 400 10 0.5 #000
Circles 1
375 375 200 rgba(0, 80, 180, 140)
Squares 401
448 467 5 0 rgba(200, 200, 0, 180)
456 465 5 0 rgba(200, 200, 0, 180)
459 459 5 0 rgba(200, 200, 0, 180)
461 498 5 0 rgba(200, 200, 0, 180)
469 496 5 0 rgba(200, 200, 0, 180)
475 485 5 0 rgba(200, 200, 0, 180)
484 478 5 0 rgba(200, 200, 0, 180)
492 476 5 0 rgba(200, 200, 0, 180)
495 466 5 0 rgba(200, 200, 0, 180)
501 458 5 0 rgba(200, 200, 0, 180)
509 456 5 0 rgba(200, 200, 0, 180)
512 450 5 0 rgba(200, 200, 0, 180)
516 439 5 0 rgba(200, 200, 0, 180)
519 429 5 0 rgba(200, 200, 0, 180)
519 415 5 0 rgba(200, 200, 0, 180)
515 404 5 0 rgba(200, 200, 0, 180)
515 386 5 0 rgba(200, 200, 0, 180)
518 393 5 0 rgba(200, 200, 0, 180)
506 366 5 0 rgba(200, 200, 0, 180)
502 354 5 0 rgba(200, 200, 0, 180)
503 335 5 0 rgba(200, 200, 0, 180)
502 344 5 0 rgba(200, 200, 0, 180)
482 459 5 0 rgba(200, 200, 0, 180)
488 451 5 0 rgba(200, 200, 0, 180)
496 449 5 0 rgba(200, 200, 0, 180)
499 443 5 0 rgba(200, 200, 0, 180)
503 432 5 0 rgba(200, 200, 0, 180)
506 422 5 0 rgba(200, 200, 0, 180)
506 408 5 0 rgba(200, 200, 0, 180)
502 397 5 0 rgba(200, 200, 0, 180)
470 443 5 0 rgba(200, 200, 0, 180)
476 435 5 0 rgba(200, 200, 0, 180)
484 433 5 0 rgba(200, 200, 0, 180)
487 427 5 0 rgba(200, 200, 0, 180)
491 416 5 0 rgba(200, 200, 0, 180)
494 406 5 0 rgba(200, 200, 0, 180)
494 392 5 0 rgba(200, 200, 0, 180)
490 381 5 0 rgba(200, 200, 0, 180)
490 374 5 0 rgba(200, 200, 0, 180)
490 356 5 0 rgba(200, 200, 0, 180)
493 363 5 0 rgba(200, 200, 0, 180)
489 345 5 0 rgba(200, 200, 0, 180)
485 333 5 0 rgba(200, 200, 0, 180)
486 314 5 0 rgba(200, 200, 0, 180)
485 323 5 0 rgba(200, 200, 0, 180)
425 505 5 0 rgba(200, 200, 0, 180)
433 503 5 0 rgba(200, 200, 0, 180)
439 492 5 0 rgba(200, 200, 0, 180)
448 485 5 0 rgba(200, 200, 0, 180)
456 483 5 0 rgba(200, 200, 0, 180)
378 511 5 0 rgba(200, 200, 0, 180)
387 504 5 0 rgba(200, 200, 0, 180)
400 500 5 0 rgba(200, 200, 0, 180)
400 492 5 0 rgba(200, 200, 0, 180)
404 484 5 0 rgba(200, 200, 0, 180)
410 491 5 0 rgba(200, 200, 0, 180)
385 485 5 0 rgba(200, 200, 0, 180)
409 500 5 0 rgba(200, 200, 0, 180)
355 511 5 0 rgba(200, 200, 0, 180)
355 503 5 0 rgba(200, 200, 0, 180)
365 502 5 0 rgba(200, 200, 0, 180)
364 511 5 0 rgba(200, 200, 0, 180)
328 504 5 0 rgba(200, 200, 0, 180)
328 496 5 0 rgba(200, 200, 0, 180)
338 495 5 0 rgba(200, 200, 0, 180)
337 504 5 0 rgba(200, 200, 0, 180)
307 490 5 0 rgba(200, 200, 0, 180)
307 482 5 0 rgba(200, 200, 0, 180)
317 481 5 0 rgba(200, 200, 0, 180)
316 490 5 0 rgba(200, 200, 0, 180)
274 472 5 0 rgba(200, 200, 0, 180)
274 464 5 0 rgba(200, 200, 0, 180)
284 463 5 0 rgba(200, 200, 0, 180)
283 472 5 0 rgba(200, 200, 0, 180)
285 495 5 0 rgba(200, 200, 0, 180)
285 487 5 0 rgba(200, 200, 0, 180)
295 486 5 0 rgba(200, 200, 0, 180)
294 495 5 0 rgba(200, 200, 0, 180)
251 450 5 0 rgba(200, 200, 0, 180)
251 442 5 0 rgba(200, 200, 0, 180)
261 441 5 0 rgba(200, 200, 0, 180)
260 450 5 0 rgba(200, 200, 0, 180)
236 421 5 0 rgba(200, 200, 0, 180)
236 413 5 0 rgba(200, 200, 0, 180)
246 412 5 0 rgba(200, 200, 0, 180)
245 421 5 0 rgba(200, 200, 0, 180)
230 394 5 0 rgba(200, 200, 0, 180)
230 386 5 0 rgba(200, 200, 0, 180)
240 385 5 0 rgba(200, 200, 0, 180)
239 394 5 0 rgba(200, 200, 0, 180)
229 371 5 0 rgba(200, 200, 0, 180)
229 363 5 0 rgba(200, 200, 0, 180)
239 362 5 0 rgba(200, 200, 0, 180)
238 371 5 0 rgba(200, 200, 0, 180)
239 340 5 0 rgba(200, 200, 0, 180)
239 332 5 0 rgba(200, 200, 0, 180)
249 331 5 0 rgba(200, 200, 0, 180)
248 340 5 0 rgba(200, 200, 0, 180)
245 314 5 0 rgba(200, 200, 0, 180)
245 306 5 0 rgba(200, 200, 0, 180)
255 305 5 0 rgba(200, 200, 0, 180)
254 314 5 0 rgba(200, 200, 0, 180)
260 300 5 0 rgba(200, 200, 0, 180)
260 292 5 0 rgba(200, 200, 0, 180)
270 291 5 0 rgba(200, 200, 0, 180)
269 300 5 0 rgba(200, 200, 0, 180)
275 278 5 0 rgba(200, 200, 0, 180)
275 270 5 0 rgba(200, 200, 0, 180)
285 269 5 0 rgba(200, 200, 0, 180)
284 278 5 0 rgba(200, 200, 0, 180)
299 264 5 0 rgba(200, 200, 0, 180)
299 256 5 0 rgba(200, 200, 0, 180)
309 255 5 0 rgba(200, 200, 0, 180)
308 264 5 0 rgba(200, 200, 0, 180)
328 260 5 0 rgba(200, 200, 0, 180)
328 252 5 0 rgba(200, 200, 0, 180)
338 251 5 0 rgba(200, 200, 0, 180)
337 260 5 0 rgba(200, 200, 0, 180)
357 251 5 0 rgba(200, 200, 0, 180)
357 243 5 0 rgba(200, 200, 0, 180)
367 242 5 0 rgba(200, 200, 0, 180)
366 251 5 0 rgba(200, 200, 0, 180)
380 255 5 0 rgba(200, 200, 0, 180)
380 247 5 0 rgba(200, 200, 0, 180)
390 246 5 0 rgba(200, 200, 0, 180)
389 255 5 0 rgba(200, 200, 0, 180)
408 265 5 0 rgba(200, 200, 0, 180)
408 257 5 0 rgba(200, 200, 0, 180)
418 256 5 0 rgba(200, 200, 0, 180)
417 265 5 0 rgba(200, 200, 0, 180)
434 277 5 0 rgba(200, 200, 0, 180)
434 269 5 0 rgba(200, 200, 0, 180)
444 268 5 0 rgba(200, 200, 0, 180)
443 277 5 0 rgba(200, 200, 0, 180)
458 296 5 0 rgba(200, 200, 0, 180)
458 288 5 0 rgba(200, 200, 0, 180)
468 287 5 0 rgba(200, 200, 0, 180)
467 296 5 0 rgba(200, 200, 0, 180)
481 311 5 0 rgba(200, 200, 0, 180)
481 303 5 0 rgba(200, 200, 0, 180)
491 302 5 0 rgba(200, 200, 0, 180)
490 311 5 0 rgba(200, 200, 0, 180)
781 540 300 0.57 #000
83 56 300 0.57 #222
32 735 5 0 #000
24 719 5 0 #ff0
9 718 5 0 #000
24 709 5 0 #000
9 708 5 0 #ff0
49 727 5 0 #000
34 726 5 0 #000
48 741 5 0 #000
33 740 5 0 #ff0
42 731 5 0 #ff0
35 715 5 0 #000
41 719 5 0 #ff0
31 723 5 0 #000
48 715 5 0 #000
33 714 5 0 #000
47 729 5 0 #000
32 728 5 0 #ff0
41 719 5 0 #ff0
34 703 5 0 #000
40 707 5 0 #ff0
55 730 5 0 #000
54 744 5 0 #000
39 743 5 0 #ff0
48 734 5 0 #ff0
53 732 5 0 #000
26 698 5 0 #000
25 712 5 0 #000
10 711 5 0 #ff0
19 702 5 0 #ff0
24 700 5 0 #000
2 692 5 0 #000
8 696 5 0 #ff0
15 692 5 0 #000
0 691 5 0 #000
8 696 5 0 #ff0
7 684 5 0 #ff0
240 647 23 0.75 #000
272 647 23 0.75 #ff0
303 647 23 0.75 #000
336 647 23 0.75 #ff0
370 647 23 0.75 #000
402 647 23 0.75 #ff0
433 647 23 0.75 #000
466 647 23 0.75 #ff0
500 647 23 0.75 #000
532 647 23 0.75 #ff0
563 647 23 0.75 #000
596 647 23 0.75 #ff0
629 647 23 0.75 #000
662 647 23 0.75 #ff0
27 691 5 0 #000
12 690 5 0 #ff0
29 680 5 0 #000
22 684 5 0 #ff0
27 682 5 0 #000
5 674 5 0 #000
11 678 5 0 #ff0
18 674 5 0 #000
3 673 5 0 #000
11 678 5 0 #ff0
10 666 5 0 #ff0
50 715 5 0 #000
42 699 5 0 #ff0
42 689 5 0 #000
67 707 5 0 #000
52 706 5 0 #000
60 711 5 0 #ff0
53 695 5 0 #000
59 699 5 0 #ff0
49 703 5 0 #000
66 695 5 0 #000
51 694 5 0 #000
65 709 5 0 #000
50 708 5 0 #ff0
59 699 5 0 #ff0
52 683 5 0 #000
58 687 5 0 #ff0
73 710 5 0 #000
66 714 5 0 #ff0
71 712 5 0 #000
44 678 5 0 #000
43 692 5 0 #000
42 680 5 0 #000
58 696 5 0 #000
50 680 5 0 #ff0
50 670 5 0 #000
75 688 5 0 #000
60 687 5 0 #000
68 692 5 0 #ff0
61 676 5 0 #000
67 680 5 0 #ff0
57 684 5 0 #000
74 676 5 0 #000
59 675 5 0 #000
73 690 5 0 #000
58 689 5 0 #ff0
67 680 5 0 #ff0
60 664 5 0 #000
66 668 5 0 #ff0
81 691 5 0 #000
74 695 5 0 #ff0
79 693 5 0 #000
52 659 5 0 #000
51 673 5 0 #000
50 661 5 0 #000
12 657 5 0 #000
29 649 5 0 #000
14 648 5 0 #000
28 663 5 0 #000
13 662 5 0 #ff0
22 653 5 0 #ff0
15 637 5 0 #000
21 641 5 0 #ff0
11 645 5 0 #000
28 637 5 0 #000
13 636 5 0 #000
27 651 5 0 #000
12 650 5 0 #ff0
21 641 5 0 #ff0
14 625 5 0 #000
20 629 5 0 #ff0
35 652 5 0 #000
28 656 5 0 #ff0
33 654 5 0 #000
6 620 5 0 #000
7 613 5 0 #000
30 637 5 0 #000
22 621 5 0 #ff0
22 611 5 0 #000
32 628 5 0 #000
40 633 5 0 #ff0
33 617 5 0 #000
39 621 5 0 #ff0
29 625 5 0 #000
31 616 5 0 #000
45 631 5 0 #000
30 630 5 0 #ff0
39 621 5 0 #ff0
38 609 5 0 #ff0
23 614 5 0 #000
38 618 5 0 #000
40 609 5 0 #000
38 611 5 0 #ff0
80 737 5 0 #000
97 729 5 0 #000
82 728 5 0 #000
96 743 5 0 #000
81 742 5 0 #ff0
90 733 5 0 #ff0
83 717 5 0 #000
89 721 5 0 #ff0
79 725 5 0 #000
96 717 5 0 #000
81 716 5 0 #000
95 731 5 0 #000
80 730 5 0 #ff0
89 721 5 0 #ff0
82 705 5 0 #000
88 709 5 0 #ff0
103 732 5 0 #000
96 736 5 0 #ff0
101 734 5 0 #000
74 700 5 0 #000
75 693 5 0 #000
98 717 5 0 #000
90 701 5 0 #ff0
90 691 5 0 #000
100 708 5 0 #000
108 713 5 0 #ff0
101 697 5 0 #000
107 701 5 0 #ff0
97 705 5 0 #000
99 696 5 0 #000
113 711 5 0 #000
98 710 5 0 #ff0
107 701 5 0 #ff0
106 689 5 0 #ff0
91 694 5 0 #000
106 698 5 0 #000
108 689 5 0 #000
106 691 5 0 #ff0
39 662 5 0 #000
56 654 5 0 #000
41 653 5 0 #000
55 668 5 0 #000
40 667 5 0 #ff0
49 658 5 0 #ff0
42 642 5 0 #000
48 646 5 0 #ff0
38 650 5 0 #000
55 642 5 0 #000
40 641 5 0 #000
54 656 5 0 #000
39 655 5 0 #ff0
48 646 5 0 #ff0
41 630 5 0 #000
47 634 5 0 #ff0
62 657 5 0 #000
55 661 5 0 #ff0
60 659 5 0 #000
33 625 5 0 #000
34 618 5 0 #000
57 642 5 0 #000
49 626 5 0 #ff0
49 616 5 0 #000
59 633 5 0 #000
67 638 5 0 #ff0
60 622 5 0 #000
66 626 5 0 #ff0
56 630 5 0 #000
58 621 5 0 #000
72 636 5 0 #000
57 635 5 0 #ff0
66 626 5 0 #ff0
65 614 5 0 #ff0
50 619 5 0 #000
65 623 5 0 #000
67 614 5 0 #000
65 616 5 0 #ff0
16 587 5 0 #000
33 579 5 0 #000
18 578 5 0 #000
32 593 5 0 #000
17 592 5 0 #ff0
26 583 5 0 #ff0
19 567 5 0 #000
25 571 5 0 #ff0
15 575 5 0 #000
32 567 5 0 #000
17 566 5 0 #000
31 581 5 0 #000
16 580 5 0 #ff0
25 571 5 0 #ff0
18 555 5 0 #000
24 559 5 0 #ff0
39 582 5 0 #000
32 586 5 0 #ff0
37 584 5 0 #000
10 550 5 0 #000
11 543 5 0 #000
34 567 5 0 #000
26 551 5 0 #ff0
26 541 5 0 #000
36 558 5 0 #000
44 563 5 0 #ff0
37 547 5 0 #000
43 551 5 0 #ff0
33 555 5 0 #000
35 546 5 0 #000
49 561 5 0 #000
34 560 5 0 #ff0
43 551 5 0 #ff0
42 539 5 0 #ff0
27 544 5 0 #000
42 548 5 0 #000
44 539 5 0 #000
42 541 5 0 #ff0
Entrances 1
660 726 40 30 1.57 #fff
Exits 1
539 167 40 30 1.57 #f00
Switches 0
Doors 0
Particles 75
375 375 100 60000 -10000
691 54 5 450 10000
666 56 5 450 10000
682 76 5 450 10000
659 76 5 450 10000
634 78 5 450 10000
700 90 5 450 10000
595 53 5 450 10000
610 64 5 450 10000
586 75 5 450 10000
563 75 5 450 10000
538 77 5 450 10000
604 89 5 450 10000
480 47 5 450 10000
455 49 5 450 10000
471 69 5 450 10000
448 69 5 450 10000
423 71 5 450 10000
489 83 5 450 10000
684 105 5 450 10000
677 125 5 450 10000
652 127 5 450 10000
613 102 5 450 10000
588 104 5 450 10000
604 124 5 450 10000
581 124 5 450 10000
556 126 5 450 10000
622 138 5 450 10000
507 132 5 450 10000
518 93 5 450 10000
536 107 5 450 10000
498 52 5 450 10000
516 66 5 450 10000
14 733 10 100000 -5000
727 22 5 450 10000
702 24 5 450 10000
718 44 5 450 10000
695 44 5 450 10000
670 46 5 450 10000
736 58 5 450 10000
644 21 5 450 10000
619 23 5 450 10000
635 43 5 450 10000
612 43 5 450 10000
587 45 5 450 10000
653 57 5 450 10000
529 15 5 450 10000
504 17 5 450 10000
520 37 5 450 10000
497 37 5 450 10000
472 39 5 450 10000
538 51 5 450 10000
567 61 5 450 10000
547 20 5 450 10000
565 34 5 450 10000
402 31 5 450 10000
377 33 5 450 10000
393 53 5 450 10000
370 53 5 450 10000
345 55 5 450 10000
411 67 5 450 10000
420 36 5 450 10000
438 50 5 450 10000
419 21 5 450 10000
394 23 5 450 10000
674 158 5 450 10000
740 170 5 450 10000
644 169 5 450 10000
724 185 5 450 10000
717 205 5 450 10000
692 207 5 450 10000
653 182 5 450 10000
628 184 5 450 10000
644 204 5 450 10000
662 218 5 450 10000
