level5.jpg
Players 1
700 719 4
Rectangles 93
546 247 30 7 6.18 #080
543 278 30 7 0 #070
550 216 30 6 6.08 #090
571 157 30 5 5.88 #0b0
584 129 30 5 5.75 #0c0
541 204 30 5 0.4 #0a0
596 107 20 5 5.6 #0d0
539 185 20 3 6.08 #090
534 185 10 5 0.6 #0c0
527 176 10 5 0.8 #0c0
493 181 7 5 2.2 #090
528 169 10 3 6.2 #0a0
541 170 10 5 0 #090
525 195 15 5 1.6 #0a0
519 169 10 5 1 #0c0
511 168 7 5 1.5 #0b0
506 170 7 5 2.3 #0a0
503 176 7 5 2.5 #0a0
539 160 10 5 0.3 #090
533 151 10 5 0.8 #090
523 147 10 5 1.8 #080
516 151 10 5 2.3 #080
509 158 10 5 2.5 #080
503 166 10 5 2.5 #090
499 174 10 5 6 #0a0
489 182 7 5 2.2 #090
483 183 7 4 1.57 #090
516 194 7 5 1.4 #0a0
509 193 7 5 1.2 #0a0
503 190 7 5 0.6 #0a0
499 185 7 5 1 #0b0
498 180 7 5 1.2 #090
610 138 80 5 0.2 #f00
633 124 80 5 0.9 #f00
576 69 80 5 0.6 #f00
591 61 80 5 0.3 #f00
566 32 40 5 2.1 #f00
640 163 50 5 2.2 #f00
639 107 70 5 1.4 #f00
632 80 70 5 2.1 #f00
665 87 50 5 0.2 #f00
576 119 70 5 5.3 #f00
567 95 70 5 1.4 #f00
543 114 50 5 0.2 #f00
558 187 30 5 5.98 #0a0
528 161 10 3 0.1 #0a0
531 164 7 2 5.98 #0a0
519 162 10 3 0 #0a0
520 180 10 5 1.6 #0a0
512 183 10 2 2 #0a0
527 187 10 2 1.6 #0a0
213 674 160 5 0.2 #666
192 581 30 5 0.25 #666
160 520 100 5 6.08 #444
286 506 100 5 0.25 #444
223 562 160 5 1.7 #444
220 465 100 5 1.7 #444
278 658 200 5 0 #666
35 655 200 5 0.2 #666
69 363 40 5 1.57 #666
32 412 100 5 5.98 #666
109 654 200 5 6.23 #666
15 510 100 5 0 #666
115 504 100 5 0 #666
104 409 100 5 0.25 #666
51 546 150 30 0 #fff
69 520 230 30 0 #fff
66 676 150 30 0.2 #fff
88 550 150 30 0 #fff
253 665 200 30 0 #fff
241 674 220 30 0.1 #fff
253 577 30 30 0.1 #fff
83 669 150 30 6.18 #fff
56 451 90 30 6.18 #fff
81 450 80 30 0.25 #fff
240 507 80 80 0.25 #444
205 509 80 60 0 #444
171 536 60 30 6.08 #444
217 517 80 80 1.7 #444
68 382 50 30 1.57 #666
209 595 50 20 0.1 #666
217 645 50 10 0.1 #666
28 575 50 10 0.1 #666
26 526 50 10 0 #666
34 437 50 10 6.08 #666
26 483 50 10 0 #666
96 422 50 10 0.25 #666
105 450 50 10 0.2 #666
223 688 50 7 0.2 #666
42 659 50 7 0.2 #666
53 710 50 7 0.2 #666
32 613 50 7 0.2 #666
514 177 7 2 1.3 #0a0
Circles 0
Squares 73
582 479 30 0 #090
555 449 30 0 #090
533 429 30 0 #0a0
521 404 30 0 #0a0
537 368 30 0 #0a0
547 337 30 0 #0a0
533 311 30 0 #0a0
502 290 30 0 #0b0
470 283 30 0 #0b0
439 297 30 0 #0b0
416 296 30 0 #0b0
397 266 30 0 #0a0
380 246 30 0 #0a0
370 228 30 0 #0a0
351 206 30 0 #0a0
341 194 30 0 #0a0
661 575 30 0 #080
644 555 30 0 #080
634 537 30 0 #090
615 515 30 0 #090
605 503 30 0 #090
740 668 30 0 #080
723 648 30 0 #080
713 630 30 0 #080
694 608 30 0 #080
684 596 30 0 #080
629 735 30 0 #310
612 715 30 0 #310
602 697 30 0 #310
583 675 30 0 #310
573 663 30 0 #310
549 641 30 0 #310
532 621 30 0 #410
522 603 30 0 #410
503 581 30 0 #410
493 569 30 0 #410
469 546 30 0 #410
452 526 30 0 #410
442 508 30 0 #410
423 486 30 0 #410
413 474 30 0 #520
386 447 30 0 #520
369 427 30 0 #520
359 409 30 0 #510
340 387 30 0 #510
330 375 30 0 #510
305 345 30 0 #520
288 325 30 0 #520
278 307 30 0 #520
259 285 30 0 #520
249 273 30 0 #420
221 243 30 0 #420
204 223 30 0 #420
194 205 30 0 #420
175 183 30 0 #530
165 171 30 0 #530
138 140 30 0 #530
121 120 30 0 #530
111 102 30 0 #550
92 80 30 0 #550
82 68 30 0 #550
322 167 30 0 #090
305 147 30 0 #090
295 129 30 0 #090
276 107 30 0 #090
266 95 30 0 #090
244 61 30 0 #080
227 41 30 0 #080
217 23 30 0 #080
198 1 30 0 #080
188 -11 30 0 #070
69 49 30 0 #550
602 101 15 0.2 #ff0
Entrances 1
709 723 40 30 1.57 #f00
Exits 1
525 725 40 30 0.7 #ff0
Switches 0
Doors 0
Particles 5
166 74 30 110 1000
434 396 33 134 -1000
357 318 35 150 1000
288 231 33 120 -1000
230 145 27 90 0
